Algorithm: Lloyds for Curves
CLUSTER-1 {size: 26
[ 55.538312 55.508625 56.142437 56.147594 55.433781 56.084656 55.447156 56.097781 56.786219 56.999219 56.112156 57.121281 57.997094 58.674750 59.384594 60.042281 60.785344 61.250875 60.444125 61.151625 61.800031 62.738500 62.811500 61.032406 60.407281 59.901406 58.662094 57.940344 58.680500 59.311594 59.327875 58.613531 57.972125 58.338688 57.282906 58.156094 57.189844 57.753844 58.429594 58.676812 57.940219 57.810594 58.686219 59.342875 59.977625 60.651219 61.295187 61.940687 62.545687 61.251531 61.876688 61.522750 60.858219 61.640875 61.704937 60.798031 61.735156 61.251625 60.430656 60.550938 61.316187 61.341313 60.495312 59.703812 59.083844 59.795594 59.022531 59.679750 60.141312 59.281344 59.421406 58.417781 58.308000 59.156062 58.519531 58.245500 59.359219 59.543250 60.358156 61.152156 60.880844 61.601750 62.370938 63.114406 63.684062 64.379531 63.383594 62.703312 62.495531 61.678406 61.480063 60.800281 60.557781 61.558750 61.663031 61.025406 61.767687 61.976844 60.638906 61.375781 62.051500 62.765937 63.447063 64.223219 64.890594 65.629250 65.618063 64.433781 65.343063 64.674062 65.842406 66.618844 67.392000 68.095031 68.936594 67.929094 68.463344 67.812250 66.838281 66.869969 67.561813 68.281750 69.137469 68.419906 69.383188 68.824531 69.525281 70.258594 70.925469 71.021094 71.648250 71.875406 71.245562 71.912469 71.933000 72.641438 73.310219 72.605844 73.325312 73.285000 74.118750 74.884813 74.148500 73.491687 74.214438 74.365031 75.032437 75.809063 76.066406 75.312187 76.098906 75.405187 76.097094 76.740844 77.651156 78.312719 78.589844 77.860156 77.175500 76.524500 76.479844 75.789062 75.774000 76.781781 77.553344 78.261187 79.103062 79.433312 80.281844 80.940969 81.034125 80.080375 79.338812 79.509594 79.353031 79.194875 79.053000 79.234187 79.455469 79.658031 79.575688 ]
}
CLUSTER-2 {size: 2
[ 368.960000 366.905000 381.490000 310.775000 306.275000 307.820000 304.530000 308.110000 312.665000 316.290000 316.255000 320.415000 316.570000 317.975000 312.310000 315.785000 317.465000 308.555000 302.875000 303.325000 299.800000 295.435000 296.015000 304.240000 305.490000 313.575000 314.680000 309.550000 307.475000 301.455000 299.955000 305.510000 304.720000 297.525000 290.880000 291.385000 270.105000 260.540000 257.200000 244.265000 254.210000 196.345000 224.045000 209.045000 169.205000 181.705000 176.020000 187.130000 195.200000 185.705000 186.830000 216.225000 195.205000 188.705000 182.730000 205.370000 208.705000 205.695000 201.120000 197.600000 197.455000 191.530000 180.505000 180.205000 175.880000 170.205000 171.775000 165.840000 161.840000 162.510000 158.770000 157.705000 154.230000 146.195000 135.705000 108.055000 108.970000 104.330000 101.180000 101.955000 108.205000 104.105000 101.955000 106.105000 101.130000 97.955000 99.835000 106.030000 103.005000 116.120000 118.520000 128.185000 129.545000 135.635000 131.505000 129.080000 133.065000 127.050000 128.455000 132.110000 136.945000 138.425000 132.155000 126.565000 122.715000 123.595000 132.275000 131.205000 143.730000 147.500000 141.800000 138.215000 130.835000 133.030000 138.530000 138.820000 134.840000 133.955000 130.740000 131.790000 136.375000 139.740000 148.210000 144.985000 145.145000 149.020000 144.525000 144.410000 149.010000 143.735000 143.910000 152.635000 148.510000 149.735000 144.060000 139.735000 149.195000 154.665000 154.915000 159.750000 155.565000 155.490000 158.865000 162.740000 161.095000 156.550000 155.950000 174.030000 174.380000 166.995000 162.175000 167.375000 163.705000 167.710000 173.245000 175.530000 164.655000 164.575000 160.820000 155.445000 157.615000 152.900000 156.100000 152.400000 155.645000 158.335000 164.515000 160.775000 158.860000 155.310000 158.559600 156.360000 150.235000 153.360000 159.360000 162.860000 167.535000 156.860000 153.860000 157.385000 154.685000 ]
}
CLUSTER-3 {size: 72
[ 17.500541 17.510166 17.647102 17.782246 17.807199 17.579918 17.594926 17.411676 17.547845 17.743959 17.614387 17.745262 17.577494 17.761953 17.890238 18.037035 17.860711 17.697630 17.856452 17.803016 17.973798 18.132456 18.266097 18.129125 17.995169 18.150739 18.142984 17.952398 17.807611 17.636537 17.769064 17.823143 17.685465 17.600551 17.804080 17.640110 17.509804 17.699207 17.544616 17.322031 17.284763 17.441005 17.428123 17.096875 16.964573 17.104475 16.911449 16.771020 16.729432 16.581608 16.632740 16.775042 16.629011 16.421509 16.584911 16.592858 16.458327 16.610923 16.568057 16.741973 16.808055 16.675816 16.576517 16.363146 16.293380 16.036018 16.244950 16.115954 15.919364 15.933357 16.072904 16.019481 15.725731 15.688848 15.518535 15.494174 15.276693 15.214995 15.005716 15.049288 15.174448 15.169541 15.364271 15.536315 15.679943 15.654058 15.855839 15.820663 15.984877 15.860377 15.993345 16.109437 16.244984 16.234865 15.966426 15.891294 16.016513 16.155727 16.160325 16.321248 16.309589 16.459409 16.459141 16.328374 16.401781 16.261191 16.398442 16.503760 16.352651 16.480027 16.616299 16.774526 16.614288 16.756478 16.894879 16.903381 17.167909 17.245372 17.522184 17.534598 17.189207 17.182421 17.376246 17.529122 17.363288 17.496218 17.637920 17.770663 17.775984 17.596527 17.648229 17.498191 17.667693 17.709286 17.518764 17.431998 17.609625 17.281000 17.406052 17.543991 17.670424 17.807167 17.818530 17.664155 17.567343 17.398984 17.606689 17.594973 17.724909 17.860236 17.989435 17.975662 18.111733 17.978223 17.969945 18.159187 18.218183 18.055206 18.059372 18.217776 18.206199 17.985598 17.982613 18.138619 18.195277 18.341041 18.496898 18.671366 18.899964 18.863477 18.837634 18.870126 18.898055 18.871493 18.900477 18.931884 18.904384 18.950712 18.978212 19.005712 18.999540 ]
}
clustering_time: 0.480200 seconds
Silhouette: [ s1 = 0.156747 ,s2 = 0.705292 ,s3 = 0.708000 ,stotal = 0.564620 ]

