Algorithm: Range Search LSH for Curves
CLUSTER-1 {size: 86
[ 25.435678 25.436617 26.184389 26.938139 27.617736 26.928390 26.696617 26.049221 25.360552 24.622946 23.992660 24.131004 25.124059 24.478918 23.706445 24.342546 23.632459 24.276248 24.296534 24.247834 24.039428 23.977202 23.847296 23.943434 23.811308 23.933283 24.059361 24.130634 23.987150 24.114694 24.031891 23.900625 24.058495 23.921710 24.074041 24.238587 24.365466 24.224209 24.407981 24.433763 24.611655 24.480412 24.486029 24.620670 24.851484 24.722655 24.721163 24.577136 24.614770 24.798430 24.809156 24.611716 24.562708 24.404544 24.563263 24.689557 24.537607 24.689924 24.824264 24.957162 24.805185 24.890532 25.017446 24.974279 25.130649 25.192949 25.402174 25.549749 25.694645 25.677499 25.893446 26.066695 25.921847 26.119555 25.974711 26.139884 26.102267 25.976732 25.998295 26.143903 26.330076 26.324559 26.454155 26.614473 26.654568 26.400329 26.422522 26.574083 26.544119 26.308056 26.482853 26.639637 26.727752 26.855734 27.001058 27.163172 27.197988 27.072130 27.197998 27.061632 27.034910 27.204645 27.253287 27.053745 27.243987 27.094382 27.139098 27.010505 27.153045 27.322516 27.468985 27.607399 27.734157 27.941954 28.092305 28.189563 28.001396 28.025223 28.271980 28.310499 28.465759 28.438337 28.301619 28.283475 28.422327 28.336936 28.515527 28.675971 28.645648 28.337180 28.190422 28.037828 28.067402 28.484013 28.642898 28.783266 28.944290 29.088826 29.033412 28.903722 29.032339 29.303277 29.390308 29.192866 29.225756 29.088498 29.081944 29.246178 29.317750 29.104406 29.282805 29.175705 29.351018 29.465384 29.744290 29.764821 29.281009 29.255946 29.130024 29.135545 29.563201 29.703220 29.833413 29.705681 29.832970 30.004231 29.964568 30.233537 30.357056 30.517759 30.658548 30.749002 30.610236 30.716627 30.953939 30.589877 30.557064 30.382377 30.526283 30.352314 30.428948 ]
}
CLUSTER-2 {size: 12
[ 67.861375 67.393625 71.177000 74.523000 78.377125 74.743875 78.754625 82.613375 86.424625 83.106500 86.920375 90.246125 91.935000 91.965125 92.971125 92.840375 91.969125 93.046625 93.290375 92.587875 93.432875 93.332625 94.954875 95.934875 96.014875 95.023625 95.789875 96.662375 97.574875 98.392375 99.141125 100.053625 100.916125 101.143625 102.934875 102.999875 103.643625 105.478625 106.618625 105.364500 104.619125 104.166625 96.205500 97.059625 97.747125 97.777125 96.994625 96.639000 95.972375 95.852000 97.716875 96.947000 96.704625 97.831375 97.773625 97.128125 97.171125 98.323000 97.676125 98.368375 98.412750 97.617750 98.262750 96.495875 97.144625 97.263375 96.573250 97.464375 98.220625 98.493125 99.140625 98.430625 98.285625 98.973125 98.243125 98.023125 99.039375 99.874375 100.305625 99.483125 100.371875 101.448125 102.058125 99.226875 98.596875 99.394250 99.533000 97.970500 98.031750 96.625500 97.264625 97.913000 98.483500 99.804125 99.571625 100.272875 100.602875 101.983375 102.663125 103.672500 103.721250 104.467500 104.638750 105.278750 105.235000 105.896250 105.183750 106.066250 106.140000 107.135000 106.818750 105.102500 105.875000 106.682500 107.723750 109.692500 109.817500 110.503750 110.801250 111.728750 111.726250 110.952500 111.116250 112.123750 112.232500 111.210000 112.307500 112.445000 113.323750 113.982500 113.568750 112.857500 113.657500 113.012500 112.453750 111.708750 111.456250 112.703750 112.885000 113.643750 114.806250 114.483750 113.273750 113.751250 112.417500 111.437500 110.797500 110.738750 111.391250 113.846250 114.880000 114.867500 115.618750 114.891250 114.061250 113.247500 112.532500 112.251250 111.422500 111.147500 111.897500 111.773750 112.475000 110.041250 110.680000 109.872500 109.745000 108.520000 108.060000 106.448750 106.450000 107.330000 107.201250 104.440625 105.453750 105.246375 106.067500 105.411250 104.737500 103.803750 103.773750 ]
}
CLUSTER-3 {size: 2
[ 368.960000 366.905000 367.640000 370.475000 381.490000 316.615000 303.680000 313.625000 255.760000 283.460000 268.460000 228.620000 241.120000 235.435000 246.545000 254.615000 245.120000 246.245000 275.640000 254.620000 248.120000 242.145000 264.785000 268.120000 265.110000 260.535000 257.015000 256.870000 250.945000 239.920000 239.620000 235.295000 229.620000 231.190000 225.255000 221.255000 221.925000 218.185000 217.120000 211.280000 206.780000 208.325000 205.035000 208.615000 213.170000 216.795000 216.760000 220.920000 214.500000 211.100000 215.005000 209.340000 212.815000 214.495000 205.585000 199.905000 200.355000 196.830000 192.465000 193.045000 201.270000 202.520000 210.605000 211.710000 198.545000 196.470000 190.450000 188.950000 194.505000 193.715000 176.030000 169.385000 169.890000 120.960000 121.875000 107.670000 104.520000 105.295000 111.545000 107.445000 105.295000 109.445000 104.470000 101.295000 100.179950 95.745000 99.835000 106.030000 103.005000 107.730000 113.205000 118.705000 121.105000 125.705000 120.430000 120.605000 129.330000 125.205000 126.430000 120.755000 116.430000 123.455000 127.280000 126.680000 134.330000 135.205000 131.655000 134.904600 132.705000 126.580000 129.705000 135.705000 139.205000 143.880000 133.205000 130.205000 133.730000 142.120000 148.710000 150.070000 153.260000 149.130000 146.705000 150.690000 144.675000 146.080000 149.735000 154.570000 156.050000 149.780000 144.190000 140.340000 141.220000 149.900000 148.980000 158.755000 160.125000 154.425000 150.840000 143.460000 145.655000 151.155000 151.445000 147.465000 146.580000 143.365000 144.415000 149.000000 152.365000 160.835000 157.610000 157.770000 161.645000 157.150000 159.470000 164.940000 169.190000 167.545000 163.000000 173.430000 173.780000 166.395000 161.575000 166.775000 163.105000 167.110000 172.645000 174.930000 163.005000 161.275000 157.520000 152.145000 154.315000 149.600000 152.800000 149.100000 152.345000 155.035000 161.215000 157.475000 154.685000 ]
}
clustering_time: 0.798689 seconds
Silhouette: [ s1 = 0.661113 ,s2 = 0.375517 ,s3 = 0.682887 ,stotal = 0.627277 ]

