Algorithm: Range Search LSH for Curves
CLUSTER-1 {size: 1
[ 436.650000 335.990000 340.870000 214.280000 240.110000 160.000000 183.510000 195.850000 188.300000 195.250000 226.000000 199.000000 202.970000 239.000000 231.950000 216.790000 216.570000 182.600000 188.240000 168.200000 162.890000 153.270000 146.000000 140.750000 147.050000 139.130000 132.570000 113.980000 60.010000 33.400000 35.570000 26.030000 25.060000 23.950000 29.400000 29.800000 25.200000 33.800000 20.750000 13.150000 16.960000 13.010000 14.270000 20.300000 19.920000 15.040000 17.380000 15.250000 14.690000 17.600000 18.010000 14.210000 13.330000 13.640000 12.760000 20.120000 20.400000 15.210000 12.830000 12.510000 13.810000 19.500000 20.660000 17.950000 13.500000 13.710000 13.530000 15.269900 12.550000 13.280000 13.620000 12.720000 13.470000 13.710000 16.400000 16.800000 25.041300 33.450000 32.850000 35.500000 36.600000 28.200000 28.900000 37.050000 46.850000 53.800000 55.950000 63.800000 63.000000 62.800000 77.750000 74.648900 71.100000 77.400000 74.200000 54.450000 75.250000 69.000000 73.000000 73.800000 72.050000 76.150000 89.000000 92.000000 86.000000 87.000000 88.000000 93.000000 92.249900 93.000000 88.900000 74.750000 82.600000 81.000000 108.700000 109.350000 88.950000 82.000000 84.050000 85.500000 ]
}
CLUSTER-2 {size: 90
[ 25.618316 25.626387 26.285029 26.458634 25.718883 24.978220 24.321923 23.596035 24.272470 24.961820 25.331135 25.189296 25.046746 25.080150 25.211836 25.284270 25.092848 25.238675 25.238144 25.395120 25.211666 25.264273 25.413816 25.539243 25.631328 25.817398 25.991512 26.032910 26.266378 26.194244 25.975796 25.953643 26.175104 26.043280 25.916127 26.006927 26.238046 26.378759 26.361035 26.638246 26.403867 26.569405 26.422179 26.418067 26.619990 26.579502 26.452051 26.494306 26.631595 26.766570 26.605814 26.592633 26.826859 26.968479 26.935252 27.192303 27.181734 27.056328 27.254602 27.402246 27.403295 27.529915 27.443665 27.241321 27.312772 27.575371 27.460249 27.604851 27.736187 27.702872 28.178283 28.331409 28.399495 28.590677 28.429496 28.420979 28.587305 28.592011 28.465964 28.472155 28.331248 28.473093 28.416477 28.588957 28.546102 28.740596 28.481627 28.522752 28.342915 28.479520 28.615035 28.540165 28.350493 28.471227 28.651812 28.725767 28.924416 29.080596 29.235075 29.372996 29.787471 29.868462 30.022705 29.852393 29.678252 29.809605 29.853167 29.995523 30.093574 30.233926 30.361585 30.422084 30.558937 30.532587 30.724146 30.732945 30.407678 30.488824 30.338277 30.315621 ]
}
CLUSTER-3 {size: 9
[ 123.488250 120.977000 117.777000 122.459500 125.832000 122.257875 119.068250 122.613250 125.810750 129.052000 125.299375 125.660000 122.010000 125.375000 130.547000 133.677000 137.975750 137.407000 142.589500 146.055750 149.743250 152.605750 156.605750 154.778250 162.658250 166.520750 170.266250 174.157625 177.537250 174.282250 178.125375 178.976250 174.606250 178.470000 174.598750 172.456250 156.027500 152.855000 156.092500 151.682500 155.922500 156.137500 152.912500 148.737500 149.657500 156.492500 157.185000 160.946250 164.163750 167.485000 163.218750 161.788750 158.575000 158.843750 159.841250 159.721250 158.905000 159.086250 158.412125 158.815000 158.082250 158.431625 156.716125 155.583625 154.393625 154.068625 155.343625 153.766125 155.163625 154.773625 151.631125 152.526125 151.546125 148.681125 147.668625 143.951125 143.733625 145.331125 146.288625 145.491125 142.456125 142.041375 143.535375 143.418625 141.023625 140.588625 139.463625 140.751125 140.001125 140.526125 141.663625 141.308625 142.006125 142.726125 143.563625 143.313625 140.833625 141.841125 143.103625 147.623625 147.776125 148.598750 149.575000 150.241250 150.900000 151.005000 150.085000 150.243750 151.176250 151.086250 151.778750 151.821250 150.957500 151.631250 152.012500 151.298750 152.341250 153.288750 153.997500 154.580000 ]
}
clustering_time: 0.607418 seconds
Silhouette: [ s1 = 1.000000 ,s2 = 0.742630 ,s3 = 0.322715 ,stotal = 0.707411 ]

