Algorithm: Lloyds for Curves
CLUSTER-1 {size: 85
[ 26.072633 25.907508 26.924292 27.577933 26.927308 26.172014 25.415774 24.740550 24.083126 23.390903 24.160718 24.481593 25.243499 24.598687 25.225270 25.322158 26.033275 26.866206 26.054295 25.370737 25.677359 25.842934 25.684352 25.798870 25.940534 25.797143 25.812997 25.682642 25.697827 25.553020 25.645398 25.861952 25.758443 26.091396 26.120482 26.299477 26.210610 26.402665 26.569055 26.626915 26.787564 26.631689 26.496030 26.646813 26.806493 26.931977 27.179141 27.126343 26.991713 26.852614 26.725525 26.887783 26.886673 27.252509 27.293853 27.434752 27.394837 27.105103 27.006442 27.277477 27.439452 27.307659 27.479865 27.364934 27.496726 27.604314 27.819158 27.714491 28.293217 28.478255 28.495223 29.001770 28.789912 28.766704 28.892438 28.548063 28.395563 28.529688 28.491699 28.736813 28.601633 28.454007 28.584762 28.578199 28.709215 28.769660 28.564660 28.700199 28.532255 28.533198 28.858548 28.954375 29.136773 29.023898 28.777273 28.582711 28.455586 28.516398 28.849773 28.980855 29.127609 29.287968 29.431124 29.430046 29.640718 29.510765 29.632196 29.294343 29.372068 29.544232 29.674779 29.821466 29.674755 29.801206 29.669214 29.661731 29.511184 29.659958 29.803778 29.743973 ]
}
CLUSTER-2 {size: 13
[ 64.957625 64.978438 68.783813 72.097438 75.900438 79.704562 83.566937 84.559438 80.263188 84.371187 86.204187 82.909000 86.237500 89.802812 91.491687 91.095438 91.782312 91.346750 92.682125 92.771062 93.471750 94.627625 94.798875 95.425750 95.803875 96.577000 96.396375 97.035875 96.712812 97.625062 97.783938 98.433813 98.408187 99.486937 100.161312 100.438250 101.716750 101.695625 103.428750 103.469125 102.743500 103.714750 103.032250 103.924125 104.926625 105.560375 105.976000 103.799437 104.642562 103.852937 103.496125 102.823813 103.706250 103.014750 102.299000 102.991000 103.695125 103.292812 104.065937 104.769688 104.777562 105.455562 106.129437 106.773125 105.938563 106.756875 107.170625 106.527500 106.553125 105.804313 105.852750 106.554500 107.246875 107.964375 107.650625 108.556250 108.895000 109.610000 110.445625 111.531875 112.246250 113.180000 112.527500 112.335000 113.439375 113.973750 114.660625 115.643875 115.027813 114.011375 114.569625 113.546250 113.546000 112.588500 113.341000 114.305312 114.912500 115.942500 116.574375 115.709375 116.360000 117.008125 116.823125 116.016875 115.224375 115.643125 117.351875 117.525000 116.896875 116.221875 115.374375 115.469375 114.683750 114.662500 113.946250 113.693125 112.763750 113.148750 112.390000 111.565000 ]
}
CLUSTER-3 {size: 2
[ 362.345000 306.385000 317.465000 299.985000 315.860000 299.955000 293.825000 203.385000 209.260000 169.205000 187.130000 186.830000 202.205000 188.705000 190.690000 208.705000 205.180000 197.600000 197.490000 180.505000 183.325000 173.305000 170.650000 165.840000 162.205000 159.580000 162.730000 158.770000 155.490000 146.195000 119.210000 105.905000 106.990000 102.220000 101.805000 106.105000 99.580000 95.780000 99.355000 95.585000 99.265000 95.620000 98.955000 95.480000 97.605000 101.725650 105.930000 107.505000 103.305000 103.655000 107.730000 127.675000 132.445000 132.285000 128.515000 133.250000 127.050000 127.400000 131.125000 132.110000 138.505000 133.230000 126.845000 123.790000 127.315000 132.430000 136.355000 135.855000 154.055000 148.775000 147.600000 137.810000 137.155000 145.505000 146.095000 141.815000 145.045000 139.005000 137.890000 143.350000 140.025000 143.175000 141.575000 131.700000 153.160000 150.905000 154.745000 151.610000 147.010000 155.450000 157.025000 167.500000 165.420000 169.165000 163.170000 174.905000 171.910000 175.255000 164.555000 168.250000 163.720000 162.170000 155.095000 163.885000 163.085000 183.230000 184.755000 173.190000 173.800000 165.415000 165.910000 162.125000 162.795000 166.965000 166.490000 170.480000 170.325000 160.125000 156.650000 158.400000 ]
}
clustering_time: 0.426569 seconds
Silhouette: [ s1 = 0.704063 ,s2 = 0.393044 ,s3 = 0.691333 ,stotal = 0.663376 ]

