Algorithm: Lloyds
CLUSTER-1 {size: 4181
[ 29.938811 30.002533 30.010759 29.885128 29.892770 30.213959 30.348549 30.244018 30.173773 30.189011 30.322305 30.347964 30.324254 30.460116 30.395542 30.300022 30.297703 30.481827 30.264491 30.222488 30.272111 30.397208 30.433329 30.238807 30.532538 30.344474 30.383245 30.510634 30.477750 30.214054 30.419721 30.380341 30.401463 30.603623 30.627314 30.729100 30.763569 30.726185 30.908080 30.915818 30.879564 30.889530 30.995063 30.955249 30.837897 30.820082 30.794119 30.849024 30.701928 30.640918 30.681661 30.709802 30.631028 30.504895 30.091176 30.122201 30.409842 30.300589 30.353509 29.990147 29.963280 29.976800 30.196621 30.144540 30.175321 30.237987 30.274983 30.274775 30.423516 30.662136 30.779038 30.578870 30.646866 30.630944 30.657526 30.923033 31.024532 31.046786 31.023382 31.099441 31.213869 31.193629 31.268662 31.219322 31.320305 31.281891 31.325430 31.585336 31.652422 31.737242 31.940607 32.015924 32.021707 32.113216 32.086112 32.006436 32.103758 32.147185 32.113673 32.116018 32.134448 32.072203 32.139605 32.124894 32.246327 32.136431 32.168044 32.006464 32.061715 32.190216 32.008193 32.146538 32.067435 32.118809 32.190046 32.261239 32.069801 32.110753 31.980310 ]
}
CLUSTER-2 {size: 1
[ 247478.910000 247850.000000 248540.000000 248101.000000 248440.000000 250000.000000 249660.000000 250000.000000 249300.000000 249621.000000 250305.000000 254965.000000 255900.000000 257200.000000 257150.000000 255596.000000 256450.100000 257320.000000 255860.000000 254400.000000 252620.000000 251800.000000 251480.000000 251310.000000 254660.000000 253901.000000 254700.000000 257980.000000 257500.000000 255550.000000 256780.000000 255400.000000 255499.990000 256000.000000 256000.000000 256020.000000 256200.010000 256100.010000 257500.000000 257651.000000 257644.990000 257689.000000 259410.020000 259600.000000 259709.000000 261026.000000 262786.000000 264321.010000 266730.000000 268370.200000 270000.000000 266985.000000 264566.000000 267030.000000 264601.000000 263000.000000 266369.990000 266795.000000 267856.000000 267075.000000 267377.000000 268540.000000 270960.000000 270430.000000 268565.050000 269761.000000 268035.000000 268090.000000 270420.000000 271450.000000 271061.800000 265744.000000 265420.000000 260500.010000 263600.000000 266870.000000 267911.000000 268450.000000 268322.000000 270200.000000 272480.000000 274849.990000 275629.990000 274600.000000 273139.000000 273660.000000 272800.000000 274940.000000 274770.000000 274740.000000 278010.000000 278699.990000 278670.000000 280360.000000 281000.000000 281089.000000 281950.000000 281085.000000 279383.000000 280850.000000 281960.000000 281050.000000 281290.000000 280815.000000 283352.500000 284198.000000 284570.000000 283035.000000 282810.000000 281600.000000 281940.000000 280470.000000 280000.010000 283434.000000 280470.010000 280170.000000 279360.980000 276676.000000 276556.000000 ]
}
CLUSTER-3 {size: 1
[ 2406.600000 2468.970000 2407.860000 2164.050000 2222.640000 2160.900000 2040.500000 2099.160000 2467.710000 2222.640000 2222.640000 2257.080000 2407.860000 2716.560000 2593.080000 2685.060000 2341.920000 2376.990000 2253.510000 2262.750000 2285.010000 2278.290000 2228.730000 2366.280000 2340.870000 2241.750000 2315.880000 1728.720000 1252.440000 952.560000 764.190000 705.600000 586.530000 529.200000 449.550000 423.090000 458.640000 423.280000 423.360000 392.660000 396.900000 449.380000 405.720000 168.550000 122.010000 104.370000 73.353000 76.440000 63.945000 52.905000 59.829000 57.036000 55.684000 51.156000 60.228000 68.796000 73.500000 72.765000 65.121000 61.711000 66.836000 71.442000 64.004000 38.220000 24.150000 19.944000 15.601000 14.280000 12.999000 11.760000 11.340000 9.870000 9.870000 11.101000 10.080000 10.920000 11.172000 10.920000 10.271000 10.080000 10.500000 10.290000 9.660000 9.603000 8.820000 5.180000 4.970000 6.789300 5.180000 4.345600 3.570000 3.309600 3.990000 3.832800 4.126500 3.080000 3.080000 3.150000 3.430000 3.220000 3.360000 3.220000 3.325000 3.255000 3.220000 3.009300 2.800000 3.220000 3.360000 3.185000 3.150000 2.240700 2.100000 2.500000 11.210000 20.010000 14.270000 11.710000 11.010000 ]
}
CLUSTER-4 {size: 17
[ 705.701176 713.935882 711.086471 710.848235 712.307059 716.568818 722.044706 722.969412 717.896476 720.603529 720.564118 718.870000 713.357824 717.569865 716.892353 715.742353 716.532176 722.181765 719.569412 721.651176 721.661176 721.214118 721.991759 717.484118 723.342941 715.061765 716.175882 717.792941 718.643529 714.588235 716.827647 719.573529 719.697059 723.152941 724.368765 726.409412 725.000000 727.686471 728.784706 730.150588 734.235294 734.908824 731.758824 733.395941 731.350000 731.448824 729.280000 733.468235 729.994118 726.352941 726.047647 727.163529 724.418824 722.744706 762.844882 714.284706 718.973000 718.463529 720.242353 711.857647 710.802941 711.034118 717.954706 716.480588 713.869412 714.782647 715.172353 714.024118 719.152353 724.908235 722.627059 717.678824 721.250000 722.001176 723.242941 727.645294 729.850000 728.834118 725.307059 722.846471 723.855882 719.447059 721.852941 719.106471 721.455176 720.298824 720.563529 728.507059 729.724118 731.754706 732.937647 734.462294 732.565882 736.807059 736.552353 734.124706 736.562941 741.564118 739.868824 740.453529 740.888824 740.311765 737.401765 735.538824 735.728235 730.320588 728.284118 727.236471 724.632353 740.121765 740.280000 738.417647 740.848235 740.015294 740.829412 740.567647 740.667647 741.998235 739.263529 ]
}
clustering_time: 42.697923 seconds
