Algorithm: Lloyds
CLUSTER-1 {size: 3819
[ 21.374410 21.390135 21.399341 21.297348 21.280339 21.512316 21.587264 21.499471 21.457847 21.436393 21.552786 21.610452 21.597224 21.684002 21.617045 21.531060 21.527261 21.626049 21.471400 21.417336 21.467866 21.574450 21.627082 21.519244 21.718277 21.612619 21.630212 21.748399 21.691975 21.515184 21.639449 21.599383 21.619307 21.743778 21.770711 21.833095 21.861728 21.827380 21.956506 21.968465 21.932850 21.930616 22.030508 21.981352 21.902173 21.884091 21.865232 21.905745 21.769541 21.717251 21.758658 21.774852 21.729687 21.616949 21.555207 21.348403 21.548021 21.456903 21.481956 21.249834 21.234327 21.223655 21.362446 21.355196 21.391222 21.446961 21.465248 21.469928 21.557854 21.707251 21.807277 21.658774 21.704364 21.678986 21.687959 21.865762 21.943631 21.985037 21.973712 22.034330 22.113647 22.119554 22.165533 22.151316 22.232496 22.236064 22.287878 22.477306 22.519831 22.571065 22.725715 22.774301 22.754647 22.818995 22.790371 22.726464 22.804504 22.817906 22.780685 22.783102 22.789502 22.730788 22.773788 22.759916 22.831274 22.734175 22.754895 22.649432 22.668759 22.747175 22.623056 22.720468 22.668091 22.700839 22.699260 22.755703 22.594046 22.617709 22.529071 ]
}
CLUSTER-2 {size: 1
[ 247478.910000 247850.000000 248540.000000 248101.000000 248440.000000 250000.000000 249660.000000 250000.000000 249300.000000 249621.000000 250305.000000 254965.000000 255900.000000 257200.000000 257150.000000 255596.000000 256450.100000 257320.000000 255860.000000 254400.000000 252620.000000 251800.000000 251480.000000 251310.000000 254660.000000 253901.000000 254700.000000 257980.000000 257500.000000 255550.000000 256780.000000 255400.000000 255499.990000 256000.000000 256000.000000 256020.000000 256200.010000 256100.010000 257500.000000 257651.000000 257644.990000 257689.000000 259410.020000 259600.000000 259709.000000 261026.000000 262786.000000 264321.010000 266730.000000 268370.200000 270000.000000 266985.000000 264566.000000 267030.000000 264601.000000 263000.000000 266369.990000 266795.000000 267856.000000 267075.000000 267377.000000 268540.000000 270960.000000 270430.000000 268565.050000 269761.000000 268035.000000 268090.000000 270420.000000 271450.000000 271061.800000 265744.000000 265420.000000 260500.010000 263600.000000 266870.000000 267911.000000 268450.000000 268322.000000 270200.000000 272480.000000 274849.990000 275629.990000 274600.000000 273139.000000 273660.000000 272800.000000 274940.000000 274770.000000 274740.000000 278010.000000 278699.990000 278670.000000 280360.000000 281000.000000 281089.000000 281950.000000 281085.000000 279383.000000 280850.000000 281960.000000 281050.000000 281290.000000 280815.000000 283352.500000 284198.000000 284570.000000 283035.000000 282810.000000 281600.000000 281940.000000 280470.000000 280000.010000 283434.000000 280470.010000 280170.000000 279360.980000 276676.000000 276556.000000 ]
}
CLUSTER-3 {size: 13
[ 976.718462 991.005385 982.376154 964.073077 970.304615 970.366154 966.376923 972.770769 995.147692 980.058462 979.876923 978.746923 984.288692 1013.120000 1002.888462 1008.253846 983.456692 992.332308 980.385385 984.520769 985.785385 985.128462 981.965385 987.430000 992.453846 975.536154 981.796923 938.727692 903.657692 876.463846 863.330000 862.051538 852.856154 852.000000 847.602231 847.572308 849.130000 849.370000 850.579231 849.956923 855.188462 860.098462 852.516923 836.441231 830.327692 828.967692 823.461769 828.846154 823.989615 820.336538 821.366077 822.025077 818.439538 816.398154 805.959846 808.905846 813.393846 813.028077 814.107769 804.187769 803.675846 804.495538 811.471077 807.165385 803.243846 803.447231 804.145462 802.536154 809.051462 815.373077 812.050769 806.498462 811.017692 812.145462 813.392308 816.951538 819.973231 819.946154 815.071615 811.922308 813.463077 807.173846 810.143077 807.315615 810.278308 808.481538 809.133077 818.959946 819.561538 821.988123 823.040000 824.385277 821.679231 826.434062 826.040500 823.057692 825.644615 831.003077 827.690769 829.043846 829.596923 828.949231 824.419615 822.204231 822.793846 817.173792 814.216923 813.890769 811.734615 831.819615 832.436923 829.860823 832.601538 829.401538 831.419231 831.203846 831.331538 832.429231 829.914615 ]
}
CLUSTER-4 {size: 367
[ 123.579523 124.188767 124.193832 123.796096 124.067418 125.342422 126.164746 125.863052 125.471584 125.861684 126.174168 125.920958 125.747265 126.408600 126.364337 126.177932 126.171014 127.286262 126.383240 126.442754 126.498605 126.799429 126.675778 125.551539 126.853893 125.753749 126.044937 126.267254 126.464368 125.255430 126.363737 126.344923 126.385279 127.429828 127.414407 127.949600 128.020847 127.971934 128.710385 128.675625 128.648680 128.786123 128.952785 129.010043 128.490829 128.480759 128.391084 128.607175 128.325398 128.104667 128.106096 128.279337 127.847033 127.565200 125.741611 125.917721 127.191333 126.881619 127.248052 125.473467 125.311595 125.571636 126.687530 126.182273 126.137456 126.295266 126.508462 126.457457 127.242184 128.448209 128.750543 127.977239 128.283519 128.364699 128.585311 129.842925 130.185431 129.960575 129.818967 130.052194 130.524822 130.249986 130.631798 130.189257 130.497271 130.021377 129.966522 130.983363 131.336642 131.776689 132.501193 132.876796 133.157885 133.559306 133.551393 133.298541 133.617152 134.015516 134.060844 134.040934 134.185631 134.083203 134.430378 134.399077 135.029246 134.735164 134.889902 134.108902 134.494349 135.149413 134.350852 134.917044 134.575233 134.896388 135.716585 135.960287 135.445063 135.681720 135.077109 ]
}
clustering_time: 0.187277 seconds
Silhouette: [ s1 = 0.807588 ,s2 = 1.000000 ,s3 = 0.449124 ,s4 = 0.400692 ,stotal = 0.770970 ]

