Algorithm: Range Search LSH for Vectors
CLUSTER-1 {size: 170
[ 15.146320 15.166466 15.182959 15.099404 15.071262 15.213275 15.214249 15.155721 15.194143 15.141035 15.176450 15.253924 15.213369 15.243891 15.173273 15.101823 15.109861 15.171433 15.080275 15.028456 15.042065 15.120492 15.176935 15.077444 15.184805 15.131375 15.119232 15.219558 15.159247 15.006858 15.074858 15.102572 15.136064 15.223697 15.237537 15.284535 15.251379 15.224235 15.318359 15.339771 15.298095 15.269150 15.356869 15.388352 15.350953 15.322966 15.309144 15.281615 15.178297 15.080688 15.067139 15.150321 15.140121 15.063975 14.906167 14.896465 14.974274 14.916426 14.988708 14.915108 14.891215 14.878294 14.967368 14.993356 15.017518 15.033261 15.061045 15.074865 15.072746 15.190735 15.234577 15.161689 15.227786 15.271268 15.272245 15.346891 15.389269 15.464413 15.462324 15.503642 15.554211 15.549489 15.571488 15.567925 15.626855 15.626259 15.697465 15.830764 15.837469 15.837127 16.009059 16.017951 16.006518 16.030002 15.966371 15.976326 16.021921 16.020952 16.011981 15.977736 15.932825 15.905741 15.912445 15.895942 15.890227 15.849406 15.847789 15.748141 15.747239 15.826006 15.738529 15.744023 15.698976 15.652814 15.709474 15.810449 15.731005 15.736491 15.760154 ]
}
CLUSTER-2 {size: 1
[ 465.460000 467.420000 467.160000 463.200000 461.680000 466.290000 471.000000 466.280000 465.530000 462.950000 464.870000 472.430000 465.120000 465.530000 465.530000 463.660000 464.570000 467.700000 460.940000 457.950000 458.600000 457.280000 452.330000 454.090000 459.890000 454.940000 458.570000 456.710000 452.970000 453.010000 453.810000 453.820000 454.890000 455.340000 455.520000 457.770000 458.730000 458.250000 461.670000 460.030000 461.090000 463.940000 465.420000 459.520000 462.030000 461.650000 458.200000 461.220000 457.650000 439.820000 434.230000 437.420000 436.710000 426.500000 419.210000 420.180000 424.970000 423.040000 423.730000 418.740000 418.790000 416.750000 422.110000 419.100000 419.280000 421.280000 419.980000 416.850000 416.640000 416.770000 419.500000 415.760000 415.440000 410.930000 416.070000 418.990000 419.980000 419.470000 421.800000 418.390000 419.870000 425.740000 428.120000 426.510000 426.580000 426.160000 424.890000 422.860000 424.740000 425.750000 428.930000 433.860000 430.010000 431.790000 432.300000 428.100000 430.040000 430.470000 432.200000 431.500000 429.550000 430.210000 430.570000 430.830000 431.670000 427.850000 429.370000 423.400000 407.810000 402.330000 399.450000 400.390000 405.850000 402.200000 396.900000 400.800000 400.770000 397.830000 393.750000 ]
}
CLUSTER-3 {size: 30
[ 66.623500 67.059630 66.865650 66.573830 66.586167 67.082030 67.470790 67.065933 66.904103 67.211033 67.206273 66.952740 66.876363 67.365843 67.589860 67.448383 67.698167 67.907000 67.562077 67.519877 67.633533 68.239963 68.185520 67.403100 68.173607 67.596650 67.997267 68.143317 68.036350 67.697630 68.186133 68.165667 68.376733 68.808990 68.685500 69.191773 69.237690 69.615090 69.920467 69.946757 70.051233 69.725517 69.987300 70.197257 69.687547 69.787103 69.788733 70.060800 69.748753 69.659213 69.984913 70.105857 69.807720 69.674833 68.940837 69.030853 69.587537 69.350620 69.519667 68.773623 68.484563 68.610730 68.672530 68.439967 68.644137 68.684743 68.829843 68.931947 69.496500 69.933120 70.113133 69.955310 70.288133 70.049720 70.085467 70.856960 70.959033 70.976633 71.028850 71.152133 71.392633 71.117157 71.420633 71.579077 71.653513 71.482033 71.581727 72.188527 72.439000 72.435037 72.619647 72.817987 73.268307 73.748633 73.928930 73.581000 73.869190 73.985030 73.937240 74.013560 74.319820 74.169073 74.460100 74.377763 74.793810 74.674397 74.922067 74.798367 75.192330 75.772860 75.318600 76.065050 75.721533 75.829597 76.416167 76.525103 76.179353 76.765630 76.614450 ]
}
clustering_time: 0.006506 seconds
Silhouette: [ s1 = 0.760106 ,s2 = 1.000000 ,s3 = 0.457856 ,stotal = 0.716187 ]

