Algorithm: Range Search LSH for Vectors
CLUSTER-1 {size: 170
[ 15.438340 15.463985 15.483448 15.397957 15.377236 15.512946 15.510420 15.446934 15.483512 15.421547 15.435446 15.493415 15.472358 15.502940 15.442902 15.365581 15.375037 15.440079 15.349283 15.297951 15.313884 15.396882 15.453686 15.350497 15.463198 15.409964 15.402724 15.501053 15.450956 15.314103 15.383773 15.421902 15.458028 15.547608 15.556694 15.608687 15.574263 15.545841 15.636401 15.649520 15.606664 15.583692 15.671122 15.702325 15.658442 15.631303 15.619153 15.585956 15.477677 15.376435 15.363658 15.452699 15.434770 15.364394 15.203770 15.197085 15.283119 15.220438 15.291920 15.222490 15.195910 15.178545 15.279055 15.301626 15.325472 15.339910 15.392660 15.403645 15.433929 15.548662 15.603652 15.519234 15.580306 15.622823 15.612261 15.689598 15.734045 15.799769 15.807868 15.844878 15.909354 15.904146 15.945541 15.940507 15.991310 15.982988 16.053773 16.192266 16.201917 16.202916 16.377390 16.379602 16.381600 16.397558 16.334960 16.358637 16.412712 16.407143 16.393774 16.370378 16.327909 16.307186 16.334626 16.297240 16.285976 16.244995 16.242495 16.150139 16.158608 16.246866 16.168546 16.201494 16.136663 16.070566 16.144742 16.250909 16.166781 16.172805 16.195849 ]
}
CLUSTER-2 {size: 1
[ 465.460000 467.420000 467.160000 463.200000 461.680000 466.290000 471.000000 466.280000 465.530000 462.950000 464.870000 472.430000 465.120000 465.530000 465.530000 463.660000 464.570000 467.700000 460.940000 457.950000 458.600000 457.280000 452.330000 454.090000 459.890000 454.940000 458.570000 456.710000 452.970000 453.010000 453.810000 453.820000 454.890000 455.340000 455.520000 457.770000 458.730000 458.250000 461.670000 460.030000 461.090000 463.940000 465.420000 459.520000 462.030000 461.650000 458.200000 461.220000 457.650000 439.820000 434.230000 437.420000 436.710000 426.500000 419.210000 420.180000 424.970000 423.040000 423.730000 418.740000 418.790000 416.750000 422.110000 419.100000 419.280000 421.280000 419.980000 416.850000 416.640000 416.770000 419.500000 415.760000 415.440000 410.930000 416.070000 418.990000 419.980000 419.470000 421.800000 418.390000 419.870000 425.740000 428.120000 426.510000 426.580000 426.160000 424.890000 422.860000 424.740000 425.750000 428.930000 433.860000 430.010000 431.790000 432.300000 428.100000 430.040000 430.470000 432.200000 431.500000 429.550000 430.210000 430.570000 430.830000 431.670000 427.850000 429.370000 423.400000 407.810000 402.330000 399.450000 400.390000 405.850000 402.200000 396.900000 400.800000 400.770000 397.830000 393.750000 ]
}
CLUSTER-3 {size: 30
[ 68.506607 68.938668 68.711411 68.416604 68.386250 68.946107 69.384061 68.984929 68.820121 69.207179 69.331714 69.174357 68.975643 69.497539 69.677607 69.567196 69.825536 70.023571 69.658300 69.613796 69.720321 70.336389 70.271807 69.463321 70.248393 69.632839 70.032821 70.194396 70.021357 69.573893 70.082179 69.994286 70.201857 70.646775 70.542679 71.051071 71.110425 71.524571 71.866929 71.944511 72.066679 71.683071 71.959068 72.183489 71.679871 71.783325 71.775786 72.104071 71.807593 71.740943 72.086143 72.173786 71.902557 71.730179 70.972321 71.050929 71.591289 71.371275 71.552143 70.732454 70.440961 70.604361 70.593961 70.363929 70.582896 70.633286 70.633404 70.759232 71.165214 71.644593 71.765857 71.672793 72.055536 71.802911 71.912029 72.716761 72.810393 72.881750 72.875261 73.030857 73.199500 72.907668 73.112107 73.291154 73.416621 73.280393 73.384714 73.993425 74.243214 74.230757 74.400657 74.653557 75.054357 75.613554 75.804925 75.347143 75.600561 75.753004 75.729454 75.747029 76.063379 75.864718 76.048679 76.089925 76.570179 76.446139 76.717036 76.546821 76.911425 77.469493 76.932786 77.563518 77.320214 77.561746 78.078571 78.156182 77.820182 78.444639 78.284768 ]
}
clustering_time: 0.010994 seconds
Silhouette: [ s1 = 0.760106 ,s2 = 1.000000 ,s3 = 0.457856 ,stotal = 0.716187 ]

