Algorithm: Range Search LSH for Vectors
CLUSTER-1 {size: 177
[ 17.571584 17.609802 17.614759 17.510357 17.491253 17.651727 17.674181 17.588090 17.621457 17.577353 17.610765 17.675485 17.660900 17.723732 17.686930 17.591334 17.586942 17.670710 17.561740 17.516809 17.536935 17.648786 17.700693 17.564133 17.713642 17.634048 17.675552 17.778926 17.725003 17.573368 17.687184 17.717892 17.748950 17.860882 17.864551 17.938995 17.902534 17.866276 17.970114 17.993699 17.943235 17.921560 18.030830 18.043802 17.997332 17.972165 17.960138 17.958329 17.830772 17.737703 17.756414 17.845903 17.831959 17.746449 17.544057 17.537134 17.669959 17.604638 17.683616 17.560799 17.507709 17.484803 17.607845 17.615574 17.663767 17.683384 17.732188 17.725886 17.767412 17.946614 18.020332 17.893660 17.965259 17.983155 17.986165 18.111199 18.158857 18.212430 18.226214 18.269245 18.327624 18.309330 18.337761 18.341061 18.395447 18.412826 18.498222 18.661298 18.682135 18.681118 18.875378 18.897398 18.919485 18.953728 18.900626 18.905410 18.961736 18.955286 18.950273 18.919587 18.873935 18.844832 18.870101 18.876430 18.907081 18.848919 18.860034 18.759483 18.806014 18.915130 18.823249 18.886279 18.811043 18.786882 18.828128 18.956111 18.865089 18.871100 18.896446 ]
}
CLUSTER-2 {size: 1
[ 465.460000 467.420000 467.160000 463.200000 461.680000 466.290000 471.000000 466.280000 465.530000 462.950000 464.870000 472.430000 465.120000 465.530000 465.530000 463.660000 464.570000 467.700000 460.940000 457.950000 458.600000 457.280000 452.330000 454.090000 459.890000 454.940000 458.570000 456.710000 452.970000 453.010000 453.810000 453.820000 454.890000 455.340000 455.520000 457.770000 458.730000 458.250000 461.670000 460.030000 461.090000 463.940000 465.420000 459.520000 462.030000 461.650000 458.200000 461.220000 457.650000 439.820000 434.230000 437.420000 436.710000 426.500000 419.210000 420.180000 424.970000 423.040000 423.730000 418.740000 418.790000 416.750000 422.110000 419.100000 419.280000 421.280000 419.980000 416.850000 416.640000 416.770000 419.500000 415.760000 415.440000 410.930000 416.070000 418.990000 419.980000 419.470000 421.800000 418.390000 419.870000 425.740000 428.120000 426.510000 426.580000 426.160000 424.890000 422.860000 424.740000 425.750000 428.930000 433.860000 430.010000 431.790000 432.300000 428.100000 430.040000 430.470000 432.200000 431.500000 429.550000 430.210000 430.570000 430.830000 431.670000 427.850000 429.370000 423.400000 407.810000 402.330000 399.450000 400.390000 405.850000 402.200000 396.900000 400.800000 400.770000 397.830000 393.750000 ]
}
CLUSTER-3 {size: 23
[ 83.775500 84.367794 84.122313 83.887994 83.831812 84.425000 84.906044 84.515125 84.236212 84.754625 84.737750 84.341250 83.934875 84.454381 84.547313 84.622250 85.226500 85.308937 84.946812 84.833813 84.960062 85.644125 85.544813 84.591125 85.457188 84.723031 84.867875 85.018875 84.797625 84.287187 84.616750 84.519688 84.914125 85.368500 85.241812 85.834313 85.987437 86.823625 87.202125 87.207688 87.541125 86.872125 87.038381 87.617375 86.798713 86.977437 86.971938 87.210375 86.994438 86.859750 87.111312 87.192750 86.685725 86.610875 85.885438 86.030750 86.373756 86.066100 86.242813 85.474375 85.289062 85.651756 85.299063 85.050250 85.135562 85.153375 85.159394 85.570156 86.128625 86.140100 86.095687 86.482062 86.985000 86.794156 86.836956 87.638719 87.732312 87.947625 87.864831 88.040125 88.357000 88.000688 88.476500 88.697769 88.838025 88.310312 88.271750 88.950431 89.251687 89.252313 89.191250 89.404375 89.873250 90.629594 90.902244 90.300625 90.677669 90.958750 90.831481 90.963613 91.585681 91.349944 91.676250 91.273750 91.640625 91.651869 91.971250 91.836875 92.030869 92.701425 91.976875 92.710000 92.452500 92.442500 93.670000 93.475313 93.029694 94.118119 93.794594 ]
}
clustering_time: 0.012876 seconds
Silhouette: [ s1 = 0.749630 ,s2 = 1.000000 ,s3 = 0.512061 ,stotal = 0.723691 ]

