Algorithm: Range Search Hypercube for vectors
CLUSTER-1 {size: 38
[ 57.436628 57.783137 57.659547 57.432207 57.363233 57.878533 58.207109 57.889442 57.807374 58.088651 58.155028 58.127307 58.006300 58.333030 58.413181 58.247756 58.405163 58.602419 58.222798 58.097007 58.218535 58.748347 58.823665 58.188419 58.854540 58.376942 58.610140 58.818965 58.706198 58.330486 58.734372 58.727721 58.876814 59.329598 59.233093 59.644051 59.691621 59.930760 60.192465 60.264179 60.284581 60.082640 60.394000 60.546760 60.198126 60.216421 60.280256 60.489512 60.188712 60.017149 60.201149 60.264365 60.010595 59.892256 59.250165 59.214572 59.706491 59.484153 59.633558 58.974691 58.765998 58.859974 59.014998 58.830535 58.977188 59.048263 59.198519 59.267707 59.696163 60.171456 60.327674 60.103147 60.403953 60.226340 60.329535 60.981623 61.106372 61.121395 61.138105 61.292186 61.471953 61.258993 61.537535 61.624542 61.737358 61.643465 61.773763 62.343623 62.571023 62.564095 62.831823 63.010851 63.398656 63.775395 63.890579 63.631860 63.895737 63.976160 63.950912 63.961949 64.187316 64.042981 64.285233 64.166393 64.427379 64.220649 64.350395 64.133349 64.367300 64.912740 64.451581 64.875384 64.578047 64.693160 65.091767 65.240095 64.850200 65.223207 65.089384 ]
}
CLUSTER-2 {size: 1
[ 465.460000 467.420000 467.160000 463.200000 461.680000 466.290000 471.000000 466.280000 465.530000 462.950000 464.870000 472.430000 465.120000 465.530000 465.530000 463.660000 464.570000 467.700000 460.940000 457.950000 458.600000 457.280000 452.330000 454.090000 459.890000 454.940000 458.570000 456.710000 452.970000 453.010000 453.810000 453.820000 454.890000 455.340000 455.520000 457.770000 458.730000 458.250000 461.670000 460.030000 461.090000 463.940000 465.420000 459.520000 462.030000 461.650000 458.200000 461.220000 457.650000 439.820000 434.230000 437.420000 436.710000 426.500000 419.210000 420.180000 424.970000 423.040000 423.730000 418.740000 418.790000 416.750000 422.110000 419.100000 419.280000 421.280000 419.980000 416.850000 416.640000 416.770000 419.500000 415.760000 415.440000 410.930000 416.070000 418.990000 419.980000 419.470000 421.800000 418.390000 419.870000 425.740000 428.120000 426.510000 426.580000 426.160000 424.890000 422.860000 424.740000 425.750000 428.930000 433.860000 430.010000 431.790000 432.300000 428.100000 430.040000 430.470000 432.200000 431.500000 429.550000 430.210000 430.570000 430.830000 431.670000 427.850000 429.370000 423.400000 407.810000 402.330000 399.450000 400.390000 405.850000 402.200000 396.900000 400.800000 400.770000 397.830000 393.750000 ]
}
CLUSTER-3 {size: 162
[ 13.400028 13.410276 13.424918 13.340946 13.331724 13.439113 13.424461 13.370730 13.403887 13.327994 13.347252 13.390287 13.364922 13.402015 13.346404 13.287311 13.300632 13.353182 13.292540 13.262818 13.265988 13.321680 13.351764 13.268513 13.349554 13.312260 13.311793 13.391139 13.336280 13.209451 13.265808 13.293727 13.329489 13.382965 13.400785 13.435859 13.395704 13.372930 13.461522 13.470089 13.439339 13.401067 13.460795 13.493165 13.450758 13.434466 13.402327 13.367194 13.278080 13.202267 13.199438 13.295303 13.296793 13.221361 13.086092 13.102535 13.158430 13.111417 13.181066 13.139269 13.115322 13.099700 13.165500 13.199724 13.224733 13.230072 13.246730 13.262255 13.250489 13.331503 13.370587 13.323001 13.375782 13.425952 13.405578 13.455225 13.486450 13.567065 13.570204 13.596300 13.647776 13.648351 13.653873 13.656460 13.703594 13.695898 13.756364 13.860573 13.853413 13.854182 14.002300 14.000794 13.968248 13.982276 13.916281 13.931436 13.963602 13.962661 13.950731 13.925211 13.873378 13.854776 13.851297 13.850243 13.852074 13.841676 13.851715 13.779624 13.789851 13.836682 13.781464 13.813974 13.780994 13.720129 13.784392 13.873919 13.828617 13.844423 13.877810 ]
}
clustering_time: 0.008757 seconds
Silhouette: [ s1 = 0.389534 ,s2 = 1.000000 ,s3 = 0.770928 ,stotal = 0.699963 ]

