Algorithm: Range Search Hypercube for vectors
CLUSTER-1 {size: 142
[ 16.321854 16.384433 16.391641 16.326295 16.326323 16.452225 16.457652 16.396793 16.423686 16.416780 16.456742 16.465524 16.347835 16.405771 16.376179 16.320784 16.354958 16.399167 16.313672 16.308405 16.303105 16.417887 16.418178 16.250559 16.383261 16.317046 16.316827 16.420275 16.325816 16.187329 16.257127 16.298256 16.328888 16.407381 16.424871 16.498444 16.436578 16.529048 16.635326 16.637871 16.639670 16.581598 16.647633 16.713400 16.600584 16.602192 16.580356 16.552897 16.456840 16.395408 16.402374 16.514448 16.478801 16.407351 16.220195 16.242556 16.295173 16.243717 16.316486 16.197082 16.165475 16.157434 16.253101 16.278867 16.296262 16.301133 16.330419 16.377309 16.398058 16.467330 16.505412 16.450778 16.526586 16.563743 16.540926 16.641244 16.691641 16.775078 16.780688 16.816249 16.897842 16.870850 16.879301 16.889933 16.941054 16.893786 16.973104 17.111501 17.128259 17.132596 17.258586 17.273482 17.280816 17.359591 17.299582 17.272871 17.314752 17.320717 17.307350 17.293130 17.272415 17.250319 17.256131 17.225805 17.227663 17.204028 17.223529 17.143469 17.159193 17.260999 17.174705 17.229372 17.190180 17.106416 17.196529 17.267584 17.188226 17.293466 17.305334 ]
}
CLUSTER-2 {size: 58
[ 44.177355 44.324894 44.237266 43.961496 43.867494 44.287815 44.521813 44.249815 44.197945 44.224247 44.219217 44.309026 44.496700 44.730930 44.714826 44.546415 44.623674 44.835766 44.564198 44.366977 44.506000 44.803104 44.971560 44.657936 45.106089 44.760111 44.972617 45.091964 45.113036 44.796453 45.127009 45.080298 45.236447 45.573806 45.488106 45.741749 45.852526 45.694219 45.883619 45.969564 45.879653 45.756096 46.025511 46.059306 45.965936 45.923021 45.945149 46.108623 45.848438 45.638209 45.774423 45.787651 45.676502 45.548851 45.118802 45.068374 45.533853 45.340900 45.473362 45.119649 44.951613 45.011583 45.061785 44.923468 45.084555 45.151560 45.249336 45.211855 45.497000 45.976957 46.126468 45.939943 46.144681 46.028817 46.129447 46.565315 46.619696 46.631113 46.638626 46.751000 46.821809 46.716760 46.962532 47.016164 47.110415 47.152677 47.215660 47.634596 47.764172 47.746287 48.075868 48.186136 48.408349 48.543447 48.623721 48.524600 48.737132 48.788149 48.768709 48.739851 48.840328 48.718070 48.909160 48.895636 49.134477 48.987547 49.076302 48.897534 49.094553 49.418594 49.093149 49.411521 49.156902 49.331585 49.617589 49.821043 49.571338 49.622809 49.573266 ]
}
CLUSTER-3 {size: 1
[ 465.460000 467.420000 467.160000 463.200000 461.680000 466.290000 471.000000 466.280000 465.530000 462.950000 464.870000 472.430000 465.120000 465.530000 465.530000 463.660000 464.570000 467.700000 460.940000 457.950000 458.600000 457.280000 452.330000 454.090000 459.890000 454.940000 458.570000 456.710000 452.970000 453.010000 453.810000 453.820000 454.890000 455.340000 455.520000 457.770000 458.730000 458.250000 461.670000 460.030000 461.090000 463.940000 465.420000 459.520000 462.030000 461.650000 458.200000 461.220000 457.650000 439.820000 434.230000 437.420000 436.710000 426.500000 419.210000 420.180000 424.970000 423.040000 423.730000 418.740000 418.790000 416.750000 422.110000 419.100000 419.280000 421.280000 419.980000 416.850000 416.640000 416.770000 419.500000 415.760000 415.440000 410.930000 416.070000 418.990000 419.980000 419.470000 421.800000 418.390000 419.870000 425.740000 428.120000 426.510000 426.580000 426.160000 424.890000 422.860000 424.740000 425.750000 428.930000 433.860000 430.010000 431.790000 432.300000 428.100000 430.040000 430.470000 432.200000 431.500000 429.550000 430.210000 430.570000 430.830000 431.670000 427.850000 429.370000 423.400000 407.810000 402.330000 399.450000 400.390000 405.850000 402.200000 396.900000 400.800000 400.770000 397.830000 393.750000 ]
}
clustering_time: 0.008479 seconds
Silhouette: [ s1 = 0.584296 ,s2 = -0.088576 ,s3 = 1.000000 ,stotal = 0.392202 ]

