Algorithm: Range Search LSH for Vectors
CLUSTER-1 {size: 172
[ 15.609187 15.633725 15.653134 15.564050 15.549177 15.681952 15.677903 15.616657 15.658127 15.598624 15.611253 15.680221 15.658836 15.689529 15.629724 15.550803 15.545522 15.608882 15.512651 15.449142 15.481145 15.573588 15.626434 15.519361 15.634076 15.579623 15.571176 15.669839 15.619130 15.484085 15.555791 15.588822 15.623039 15.713517 15.721418 15.774868 15.737464 15.714599 15.803503 15.817390 15.773198 15.751549 15.838838 15.867907 15.825127 15.793724 15.786355 15.753176 15.646032 15.545751 15.525717 15.613961 15.592413 15.519975 15.357708 15.352547 15.445645 15.383955 15.455372 15.387655 15.361287 15.340761 15.443263 15.467252 15.491359 15.512876 15.568414 15.581624 15.611565 15.734682 15.791301 15.701816 15.764310 15.806408 15.795682 15.872687 15.913206 15.979984 15.994967 16.037949 16.103716 16.096186 16.144734 16.137550 16.187314 16.200520 16.273988 16.413057 16.407242 16.406344 16.575631 16.579894 16.581591 16.597629 16.534307 16.552691 16.610749 16.606298 16.593354 16.571295 16.525632 16.499358 16.526871 16.495545 16.486809 16.438272 16.432810 16.332283 16.350096 16.439503 16.371202 16.404878 16.340590 16.270349 16.343501 16.454429 16.373910 16.379898 16.400266 ]
}
CLUSTER-2 {size: 1
[ 465.460000 467.420000 467.160000 463.200000 461.680000 466.290000 471.000000 466.280000 465.530000 462.950000 464.870000 472.430000 465.120000 465.530000 465.530000 463.660000 464.570000 467.700000 460.940000 457.950000 458.600000 457.280000 452.330000 454.090000 459.890000 454.940000 458.570000 456.710000 452.970000 453.010000 453.810000 453.820000 454.890000 455.340000 455.520000 457.770000 458.730000 458.250000 461.670000 460.030000 461.090000 463.940000 465.420000 459.520000 462.030000 461.650000 458.200000 461.220000 457.650000 439.820000 434.230000 437.420000 436.710000 426.500000 419.210000 420.180000 424.970000 423.040000 423.730000 418.740000 418.790000 416.750000 422.110000 419.100000 419.280000 421.280000 419.980000 416.850000 416.640000 416.770000 419.500000 415.760000 415.440000 410.930000 416.070000 418.990000 419.980000 419.470000 421.800000 418.390000 419.870000 425.740000 428.120000 426.510000 426.580000 426.160000 424.890000 422.860000 424.740000 425.750000 428.930000 433.860000 430.010000 431.790000 432.300000 428.100000 430.040000 430.470000 432.200000 431.500000 429.550000 430.210000 430.570000 430.830000 431.670000 427.850000 429.370000 423.400000 407.810000 402.330000 399.450000 400.390000 405.850000 402.200000 396.900000 400.800000 400.770000 397.830000 393.750000 ]
}
CLUSTER-3 {size: 28
[ 69.377407 69.831619 69.595574 69.316033 69.247852 69.842222 70.306248 69.880333 69.676719 70.064630 70.201407 69.965593 69.762407 70.301781 70.489259 70.387870 70.749852 70.963593 70.622978 70.656752 70.663667 71.238959 71.195244 70.385519 71.182593 70.554019 70.976815 71.138596 70.964926 70.494370 71.005852 70.945963 71.172111 71.624433 71.523741 72.039704 72.121626 72.516556 72.878852 72.953900 73.090741 72.685296 72.969181 73.214433 72.686719 72.822337 72.784333 73.125889 72.815170 72.743644 73.148593 73.241296 72.983874 72.820926 72.051481 72.123481 72.635411 72.403211 72.588556 71.730100 71.427441 71.617781 71.590515 71.342037 71.566559 71.572926 71.553233 71.669056 72.091148 72.530319 72.643593 72.582674 72.968222 72.707352 72.821956 73.655752 73.776370 73.841185 73.790048 73.911778 74.076000 73.788433 73.953074 74.152715 74.287607 74.008704 74.097074 74.719515 75.077296 75.076489 75.279459 75.528504 75.946000 76.524796 76.730219 76.288519 76.523804 76.674930 76.648285 76.658807 77.008911 76.839226 77.028519 77.033848 77.516111 77.437404 77.737407 77.616667 77.934589 78.502696 77.884815 78.533019 78.279630 78.559107 79.098889 79.144930 78.776485 79.424070 79.274574 ]
}
clustering_time: 0.012849 seconds
Silhouette: [ s1 = 0.757136 ,s2 = 1.000000 ,s3 = 0.476097 ,stotal = 0.719194 ]

