Algorithm: Range Search Hypercube for vectors
CLUSTER-1 {size: 159
[ 14.662826 14.683379 14.698711 14.614136 14.623262 14.743911 14.742008 14.691513 14.718159 14.653478 14.675758 14.720579 14.702948 14.756053 14.713839 14.641056 14.629280 14.684614 14.617008 14.576091 14.606202 14.685929 14.694723 14.614381 14.703433 14.661665 14.698808 14.790980 14.712044 14.578514 14.623219 14.646769 14.651005 14.714782 14.720518 14.761358 14.712569 14.702057 14.784145 14.790314 14.759456 14.712412 14.761307 14.781964 14.731579 14.714775 14.692946 14.664211 14.564148 14.505201 14.493496 14.490072 14.449374 14.374174 14.224456 14.236459 14.316814 14.247135 14.297599 14.206926 14.188909 14.155622 14.227154 14.248727 14.275623 14.287103 14.312727 14.315648 14.313477 14.414465 14.458164 14.413749 14.458526 14.504833 14.481816 14.534732 14.560916 14.638844 14.654725 14.675982 14.740697 14.717194 14.728459 14.738624 14.774650 14.796948 14.865246 14.962886 14.949112 14.949450 15.083359 15.098957 15.075881 15.088160 15.023573 15.029280 15.061374 15.061333 15.057080 15.045831 14.999398 14.982534 14.982589 14.988214 15.006387 14.989214 14.987335 14.914352 14.944042 14.992903 14.943697 14.973663 14.929887 14.876813 14.938174 15.033901 15.009326 15.012984 15.048529 ]
}
CLUSTER-2 {size: 41
[ 54.687561 55.010510 54.877500 54.645510 54.502463 54.986241 55.282115 54.939024 54.876588 55.131805 55.188761 55.150663 54.994998 55.273763 55.308580 55.191061 55.452824 55.646341 55.278168 55.191105 55.213927 55.673656 55.833746 55.160293 55.823883 55.342159 55.440902 55.606305 55.584085 55.222217 55.688244 55.696854 55.973732 56.406046 56.350829 56.757761 56.843090 57.047456 57.342829 57.426922 57.450237 57.274329 57.639976 57.844034 57.511400 57.533368 57.561902 57.758268 57.489600 57.247961 57.475495 57.922163 57.819551 57.698220 57.087439 57.066527 57.484856 57.341868 57.569561 57.070139 56.829437 56.997266 57.134412 56.988341 57.133612 57.184080 57.306080 57.426766 57.839488 58.256551 58.400585 58.155129 58.499073 58.325332 58.444805 59.113605 59.262463 59.284707 59.252668 59.431756 59.566439 59.436439 59.706024 59.767763 59.926863 59.712446 59.815776 60.433824 60.698317 60.692685 61.021351 61.142854 61.514444 61.915659 62.034217 61.798780 62.074237 62.155141 62.099468 62.056946 62.274893 62.117688 62.358220 62.207732 62.417983 62.227949 62.409756 62.189098 62.358485 62.920373 62.416098 62.868854 62.600488 62.693973 63.120146 63.247295 62.760210 63.197754 63.047402 ]
}
CLUSTER-3 {size: 1
[ 465.460000 467.420000 467.160000 463.200000 461.680000 466.290000 471.000000 466.280000 465.530000 462.950000 464.870000 472.430000 465.120000 465.530000 465.530000 463.660000 464.570000 467.700000 460.940000 457.950000 458.600000 457.280000 452.330000 454.090000 459.890000 454.940000 458.570000 456.710000 452.970000 453.010000 453.810000 453.820000 454.890000 455.340000 455.520000 457.770000 458.730000 458.250000 461.670000 460.030000 461.090000 463.940000 465.420000 459.520000 462.030000 461.650000 458.200000 461.220000 457.650000 439.820000 434.230000 437.420000 436.710000 426.500000 419.210000 420.180000 424.970000 423.040000 423.730000 418.740000 418.790000 416.750000 422.110000 419.100000 419.280000 421.280000 419.980000 416.850000 416.640000 416.770000 419.500000 415.760000 415.440000 410.930000 416.070000 418.990000 419.980000 419.470000 421.800000 418.390000 419.870000 425.740000 428.120000 426.510000 426.580000 426.160000 424.890000 422.860000 424.740000 425.750000 428.930000 433.860000 430.010000 431.790000 432.300000 428.100000 430.040000 430.470000 432.200000 431.500000 429.550000 430.210000 430.570000 430.830000 431.670000 427.850000 429.370000 423.400000 407.810000 402.330000 399.450000 400.390000 405.850000 402.200000 396.900000 400.800000 400.770000 397.830000 393.750000 ]
}
clustering_time: 0.009958 seconds
Silhouette: [ s1 = 0.612424 ,s2 = -0.031236 ,s3 = 1.000000 ,stotal = 0.483058 ]

