Algorithm: Range Search LSH for Vectors
CLUSTER-1 {size: 184
[ 18.572438 18.613460 18.618721 18.513588 18.492471 18.650871 18.683815 18.588365 18.617899 18.571282 18.614589 18.679374 18.664769 18.731881 18.689586 18.589534 18.594305 18.666397 18.549171 18.494398 18.513149 18.628934 18.676115 18.532503 18.696251 18.611329 18.651295 18.747624 18.692008 18.534222 18.648803 18.669474 18.697829 18.817453 18.818831 18.889788 18.862607 18.824594 18.933915 18.958201 18.905804 18.874330 18.983286 19.001296 18.953920 18.929299 18.913752 18.920902 18.792213 18.691815 18.727144 18.807549 18.794240 18.708456 18.502934 18.494833 18.634439 18.561183 18.633369 18.498798 18.449386 18.428861 18.557763 18.575094 18.632517 18.652237 18.706733 18.698609 18.742520 18.931021 19.000772 18.877630 18.939344 18.959107 18.966014 19.093831 19.129190 19.181427 19.192455 19.232118 19.283218 19.267632 19.295074 19.308757 19.356328 19.361271 19.446297 19.613610 19.641132 19.632264 19.846965 19.867134 19.889017 19.919321 19.870240 19.881838 19.939905 19.940653 19.938778 19.911405 19.868484 19.847920 19.879727 19.880070 19.918154 19.865112 19.869927 19.774388 19.817216 19.926457 19.823287 19.899444 19.823202 19.805139 19.854232 19.987204 19.887055 19.893098 19.911009 ]
}
CLUSTER-2 {size: 16
[ 90.163417 90.896475 90.562750 90.296575 90.259583 91.029500 91.499058 91.153167 90.830200 91.575500 91.386833 90.835583 90.298917 90.903592 91.125833 91.327417 91.991000 92.255917 91.938750 91.957250 92.140417 92.953583 92.877917 91.762333 92.644167 91.775292 91.978667 92.255917 92.005417 91.471750 91.861250 91.878833 92.436750 92.884750 92.750500 93.570333 93.641250 94.795750 95.179917 95.168500 95.660167 94.928917 95.119092 95.807833 94.745950 94.984083 95.035917 95.214083 94.986417 94.952667 95.021500 95.242583 94.561250 94.494250 93.643500 93.858000 94.164842 93.900717 94.216417 93.416917 93.129917 93.583833 92.980750 92.496000 92.449083 92.464667 92.367258 92.945583 93.639000 93.448883 93.427250 93.929333 94.730917 94.441242 94.436250 95.420000 95.721583 96.011750 95.939917 96.212083 96.729167 96.217750 96.858167 96.989433 97.265083 96.750500 96.676417 97.460583 97.750583 97.874750 97.408333 97.714167 98.335167 99.393917 99.712158 98.801667 99.258333 99.522500 99.305308 99.439817 100.241658 99.803258 100.127500 99.682500 100.045000 99.999167 100.520000 100.295833 100.596992 101.452733 100.694167 101.445000 101.142500 101.041667 102.541667 102.161250 101.740425 103.189158 102.865833 ]
}
CLUSTER-3 {size: 1
[ 465.460000 467.420000 467.160000 463.200000 461.680000 466.290000 471.000000 466.280000 465.530000 462.950000 464.870000 472.430000 465.120000 465.530000 465.530000 463.660000 464.570000 467.700000 460.940000 457.950000 458.600000 457.280000 452.330000 454.090000 459.890000 454.940000 458.570000 456.710000 452.970000 453.010000 453.810000 453.820000 454.890000 455.340000 455.520000 457.770000 458.730000 458.250000 461.670000 460.030000 461.090000 463.940000 465.420000 459.520000 462.030000 461.650000 458.200000 461.220000 457.650000 439.820000 434.230000 437.420000 436.710000 426.500000 419.210000 420.180000 424.970000 423.040000 423.730000 418.740000 418.790000 416.750000 422.110000 419.100000 419.280000 421.280000 419.980000 416.850000 416.640000 416.770000 419.500000 415.760000 415.440000 410.930000 416.070000 418.990000 419.980000 419.470000 421.800000 418.390000 419.870000 425.740000 428.120000 426.510000 426.580000 426.160000 424.890000 422.860000 424.740000 425.750000 428.930000 433.860000 430.010000 431.790000 432.300000 428.100000 430.040000 430.470000 432.200000 431.500000 429.550000 430.210000 430.570000 430.830000 431.670000 427.850000 429.370000 423.400000 407.810000 402.330000 399.450000 400.390000 405.850000 402.200000 396.900000 400.800000 400.770000 397.830000 393.750000 ]
}
clustering_time: 0.011416 seconds
Silhouette: [ s1 = 0.743483 ,s2 = 0.537245 ,s3 = 1.000000 ,stotal = 0.728342 ]

