Algorithm: Range Search Hypercube for vectors
CLUSTER-1 {size: 164
[ 14.013836 14.025570 14.040704 13.949769 13.933942 14.052536 14.030743 13.993004 14.038082 13.974259 14.010009 14.073112 14.028443 14.050083 13.984212 13.915172 13.916323 13.971596 13.899956 13.865318 13.876167 13.929467 13.962068 13.875639 13.976672 13.935073 13.932355 14.021931 13.964383 13.832375 13.889567 13.921020 13.959190 14.022182 14.041304 14.079938 14.040392 14.015488 14.103383 14.118469 14.087507 14.049361 14.133184 14.167481 14.117994 14.103267 14.079879 14.039713 13.940417 13.848314 13.838128 13.925707 13.921725 13.848276 13.704694 13.705605 13.762997 13.709928 13.777310 13.727298 13.708275 13.693740 13.766201 13.800368 13.823118 13.835193 13.863609 13.877871 13.871344 13.962752 14.005809 13.948087 14.013751 14.071373 14.060146 14.113274 14.154399 14.239810 14.235692 14.259748 14.315067 14.316365 14.333259 14.334532 14.388483 14.395654 14.452217 14.575987 14.569357 14.570596 14.734636 14.735646 14.729228 14.748132 14.689297 14.696330 14.730775 14.727949 14.716202 14.684371 14.633273 14.609938 14.603788 14.597890 14.604479 14.580698 14.597402 14.522969 14.529177 14.576043 14.508333 14.530456 14.494049 14.447039 14.500183 14.596267 14.528351 14.542188 14.562198 ]
}
CLUSTER-2 {size: 1
[ 465.460000 467.420000 467.160000 463.200000 461.680000 466.290000 471.000000 466.280000 465.530000 462.950000 464.870000 472.430000 465.120000 465.530000 465.530000 463.660000 464.570000 467.700000 460.940000 457.950000 458.600000 457.280000 452.330000 454.090000 459.890000 454.940000 458.570000 456.710000 452.970000 453.010000 453.810000 453.820000 454.890000 455.340000 455.520000 457.770000 458.730000 458.250000 461.670000 460.030000 461.090000 463.940000 465.420000 459.520000 462.030000 461.650000 458.200000 461.220000 457.650000 439.820000 434.230000 437.420000 436.710000 426.500000 419.210000 420.180000 424.970000 423.040000 423.730000 418.740000 418.790000 416.750000 422.110000 419.100000 419.280000 421.280000 419.980000 416.850000 416.640000 416.770000 419.500000 415.760000 415.440000 410.930000 416.070000 418.990000 419.980000 419.470000 421.800000 418.390000 419.870000 425.740000 428.120000 426.510000 426.580000 426.160000 424.890000 422.860000 424.740000 425.750000 428.930000 433.860000 430.010000 431.790000 432.300000 428.100000 430.040000 430.470000 432.200000 431.500000 429.550000 430.210000 430.570000 430.830000 431.670000 427.850000 429.370000 423.400000 407.810000 402.330000 399.450000 400.390000 405.850000 402.200000 396.900000 400.800000 400.770000 397.830000 393.750000 ]
}
CLUSTER-3 {size: 36
[ 60.614158 60.998576 60.854697 60.638182 60.589500 61.110708 61.514887 61.094316 60.946266 61.223079 61.225347 61.102768 61.051471 61.482192 61.623942 61.486934 61.715184 61.919868 61.545166 61.427692 61.532053 62.134445 62.204989 61.510658 62.168532 61.651355 61.924895 62.107145 61.998224 61.611839 62.057895 62.031632 62.185368 62.650124 62.533026 62.978268 63.034782 63.317466 63.604921 63.657150 63.685184 63.461171 63.702921 63.863308 63.504563 63.520739 63.559895 63.822763 63.537516 63.422800 63.662747 63.756992 63.492963 63.360526 62.687187 62.710963 63.253871 63.034279 63.203842 62.498808 62.244813 62.348576 62.486945 62.273947 62.446239 62.497245 62.614955 62.696589 63.160632 63.643489 63.798184 63.593587 63.872105 63.632753 63.713211 64.429732 64.524579 64.510526 64.559961 64.739579 64.919842 64.675703 64.941684 65.045403 65.137800 64.969184 65.125311 65.673047 65.929053 65.919108 66.134695 66.326753 66.658479 67.062158 67.170655 66.910526 67.195176 67.294339 67.266558 67.309311 67.568016 67.427321 67.713289 67.599603 67.874403 67.698892 67.815974 67.589842 67.870366 68.481258 68.019947 68.539513 68.222000 68.301208 68.791211 68.919318 68.580489 69.008892 68.910092 ]
}
clustering_time: 0.007033 seconds
Silhouette: [ s1 = 0.767851 ,s2 = 1.000000 ,s3 = 0.406091 ,stotal = 0.704214 ]

