Algorithm: Range Search LSH for Vectors
CLUSTER-1 {size: 41
[ 53.623408 53.882018 53.784459 53.525304 53.451837 53.905671 54.170178 53.876490 53.851145 54.048020 54.098004 54.114984 54.032651 54.308129 54.364465 54.176398 54.326445 54.525388 54.182455 54.094210 54.159224 54.627324 54.775869 54.154020 54.775412 54.323031 54.544408 54.728888 54.614827 54.201039 54.639551 54.624735 54.831286 55.258855 55.174143 55.547841 55.597545 55.760871 56.048898 56.110363 56.121933 55.921296 56.266980 56.420253 56.131620 56.144390 56.219612 56.387327 56.090604 55.825355 56.032843 56.382402 56.262563 56.217898 55.621633 55.611359 56.067329 55.894665 56.098837 55.622688 55.407100 55.539161 55.695304 55.561082 55.719369 55.795822 55.925639 56.019824 56.367449 56.825971 56.969184 56.702557 57.050816 56.904339 56.980408 57.589588 57.723653 57.765918 57.792294 57.972327 58.113347 58.001769 58.281714 58.325006 58.407682 58.312863 58.430547 58.989506 59.187837 59.192778 59.466906 59.604829 59.925555 60.269224 60.367651 60.129796 60.382790 60.442039 60.397127 60.376200 60.569482 60.419963 60.588367 60.490508 60.723414 60.501794 60.603408 60.412939 60.641712 61.186496 60.755061 61.174316 60.911347 60.844814 61.323184 61.556410 61.152420 61.492406 61.393337 ]
}
CLUSTER-2 {size: 159
[ 12.887632 12.913042 12.924729 12.856779 12.851388 12.962515 12.955015 12.903991 12.923320 12.860623 12.883328 12.914670 12.880554 12.922771 12.869493 12.821973 12.831957 12.878209 12.818336 12.780248 12.797054 12.853932 12.858457 12.792791 12.865099 12.837118 12.831202 12.913303 12.861166 12.756581 12.787893 12.819836 12.832449 12.878240 12.896777 12.929006 12.884672 12.876093 12.949265 12.958648 12.928732 12.896540 12.935131 12.962551 12.912841 12.896968 12.857321 12.825957 12.743930 12.702324 12.684449 12.688692 12.656864 12.559230 12.429228 12.439523 12.489758 12.433592 12.482300 12.405730 12.391362 12.359026 12.420917 12.447527 12.463928 12.464909 12.482891 12.488173 12.485144 12.555933 12.594583 12.567689 12.595217 12.644334 12.627852 12.667486 12.691972 12.766352 12.765816 12.778405 12.837357 12.813517 12.807735 12.821154 12.875459 12.871488 12.933272 13.022516 13.015469 13.012693 13.153981 13.158640 13.131159 13.141506 13.073749 13.093017 13.119507 13.122204 13.117183 13.100583 13.048148 13.036225 13.046944 13.043763 13.044408 13.046643 13.061054 12.986099 12.989117 13.016348 12.967615 12.986052 12.952424 12.943512 12.968607 13.028247 13.001211 13.013539 13.042292 ]
}
CLUSTER-3 {size: 1
[ 465.460000 467.420000 467.160000 463.200000 461.680000 466.290000 471.000000 466.280000 465.530000 462.950000 464.870000 472.430000 465.120000 465.530000 465.530000 463.660000 464.570000 467.700000 460.940000 457.950000 458.600000 457.280000 452.330000 454.090000 459.890000 454.940000 458.570000 456.710000 452.970000 453.010000 453.810000 453.820000 454.890000 455.340000 455.520000 457.770000 458.730000 458.250000 461.670000 460.030000 461.090000 463.940000 465.420000 459.520000 462.030000 461.650000 458.200000 461.220000 457.650000 439.820000 434.230000 437.420000 436.710000 426.500000 419.210000 420.180000 424.970000 423.040000 423.730000 418.740000 418.790000 416.750000 422.110000 419.100000 419.280000 421.280000 419.980000 416.850000 416.640000 416.770000 419.500000 415.760000 415.440000 410.930000 416.070000 418.990000 419.980000 419.470000 421.800000 418.390000 419.870000 425.740000 428.120000 426.510000 426.580000 426.160000 424.890000 422.860000 424.740000 425.750000 428.930000 433.860000 430.010000 431.790000 432.300000 428.100000 430.040000 430.470000 432.200000 431.500000 429.550000 430.210000 430.570000 430.830000 431.670000 427.850000 429.370000 423.400000 407.810000 402.330000 399.450000 400.390000 405.850000 402.200000 396.900000 400.800000 400.770000 397.830000 393.750000 ]
}
clustering_time: 0.015067 seconds
Silhouette: [ s1 = 0.363230 ,s2 = 0.774909 ,s3 = 1.000000 ,stotal = 0.692054 ]

