Algorithm: Range Search LSH for Vectors
CLUSTER-1 {size: 162
[ 13.781359 13.794539 13.808588 13.723816 13.706522 13.820261 13.797696 13.761854 13.806002 13.735087 13.757972 13.809182 13.766361 13.793315 13.724628 13.655537 13.660921 13.721054 13.657055 13.625266 13.635626 13.688836 13.718669 13.631197 13.728174 13.685830 13.683309 13.767286 13.712131 13.587693 13.638306 13.676076 13.717780 13.777128 13.793808 13.837281 13.794434 13.771650 13.856456 13.869675 13.842376 13.799953 13.884142 13.923149 13.872100 13.859114 13.832827 13.790728 13.695791 13.639462 13.625223 13.714947 13.713853 13.643836 13.509484 13.512131 13.564972 13.517603 13.592064 13.549946 13.528635 13.514981 13.587228 13.622122 13.642851 13.652708 13.678791 13.690157 13.682424 13.770787 13.815694 13.759938 13.827611 13.897328 13.872461 13.922565 13.954017 14.038432 14.034888 14.055932 14.110193 14.111319 14.125425 14.128026 14.178339 14.182100 14.234963 14.347062 14.340911 14.341104 14.500007 14.498404 14.497469 14.511234 14.454476 14.458534 14.489597 14.488174 14.477404 14.443988 14.389627 14.368874 14.354960 14.350926 14.356473 14.337894 14.346995 14.271131 14.273416 14.317119 14.259374 14.274399 14.243850 14.199627 14.245748 14.333846 14.273456 14.290028 14.302101 ]
}
CLUSTER-2 {size: 1
[ 465.460000 467.420000 467.160000 463.200000 461.680000 466.290000 471.000000 466.280000 465.530000 462.950000 464.870000 472.430000 465.120000 465.530000 465.530000 463.660000 464.570000 467.700000 460.940000 457.950000 458.600000 457.280000 452.330000 454.090000 459.890000 454.940000 458.570000 456.710000 452.970000 453.010000 453.810000 453.820000 454.890000 455.340000 455.520000 457.770000 458.730000 458.250000 461.670000 460.030000 461.090000 463.940000 465.420000 459.520000 462.030000 461.650000 458.200000 461.220000 457.650000 439.820000 434.230000 437.420000 436.710000 426.500000 419.210000 420.180000 424.970000 423.040000 423.730000 418.740000 418.790000 416.750000 422.110000 419.100000 419.280000 421.280000 419.980000 416.850000 416.640000 416.770000 419.500000 415.760000 415.440000 410.930000 416.070000 418.990000 419.980000 419.470000 421.800000 418.390000 419.870000 425.740000 428.120000 426.510000 426.580000 426.160000 424.890000 422.860000 424.740000 425.750000 428.930000 433.860000 430.010000 431.790000 432.300000 428.100000 430.040000 430.470000 432.200000 431.500000 429.550000 430.210000 430.570000 430.830000 431.670000 427.850000 429.370000 423.400000 407.810000 402.330000 399.450000 400.390000 405.850000 402.200000 396.900000 400.800000 400.770000 397.830000 393.750000 ]
}
CLUSTER-3 {size: 38
[ 59.214050 59.574047 59.442462 59.207573 59.166400 59.686898 60.072867 59.663850 59.529178 59.817325 59.872730 59.807005 59.748647 60.137657 60.280295 60.146888 60.346850 60.524625 60.134507 60.009783 60.111425 60.686722 60.766440 60.106675 60.752930 60.262512 60.521450 60.721463 60.605538 60.201598 60.654525 60.605875 60.739700 61.198943 61.098425 61.503980 61.568893 61.827717 62.117550 62.175393 62.185825 61.988212 62.220600 62.355842 62.018810 62.026478 62.074100 62.329550 62.036165 61.779485 62.023135 62.108467 61.845890 61.702675 61.018903 61.034590 61.571427 61.337365 61.473500 60.769643 60.536547 60.630872 60.766797 60.563250 60.736153 60.794082 60.916657 61.006510 61.451850 61.927315 62.069025 61.863908 62.123750 61.850865 61.981300 62.676745 62.807600 62.802500 62.846962 63.030850 63.209100 62.977918 63.242600 63.335883 63.440910 63.294725 63.460670 64.033895 64.274850 64.269652 64.503210 64.696165 64.989055 65.394050 65.485872 65.251000 65.536668 65.625123 65.594230 65.639595 65.895865 65.750705 66.053125 65.937372 66.202932 66.014197 66.156675 65.943850 66.226348 66.821695 66.340200 66.863287 66.536400 66.598148 67.094400 67.252853 66.897465 67.294197 67.233088 ]
}
clustering_time: 0.008649 seconds
Silhouette: [ s1 = 0.770112 ,s2 = 1.000000 ,s3 = 0.386712 ,stotal = 0.698772 ]

