Algorithm: Range Search LSH for Curves
CLUSTER-1 {size: 186
[ 19.674735 19.674180 19.799608 19.943993 19.813630 19.984212 20.120846 19.983989 19.853988 19.991050 20.060802 20.091439 20.117358 20.115158 20.177229 20.183543 20.260124 20.251046 20.279241 20.308378 20.338186 20.319550 20.357788 20.394514 20.394202 20.369166 20.397868 20.395889 20.445486 20.419230 20.444521 20.448564 20.502223 20.488725 20.518558 20.515170 20.552208 20.534622 20.587906 20.621993 20.649844 20.649753 20.676816 20.702069 20.697763 20.759447 20.784681 20.806938 20.767837 20.798745 20.779923 20.815184 20.843194 20.841866 20.881705 20.914732 20.958262 20.998047 20.986772 21.018201 21.014511 21.058023 21.087412 21.057725 21.095036 21.066636 21.096452 21.102718 21.130962 21.118654 21.066170 21.068799 21.107834 21.099450 21.074044 21.081773 21.109723 21.077265 21.044970 21.019834 21.001723 21.051883 21.079735 21.057924 21.031989 21.070004 21.048020 21.018294 21.046052 21.019227 21.032242 21.057694 21.094935 21.114545 21.160215 21.152616 21.084970 21.059738 21.086464 21.072093 21.040061 21.014553 20.974821 21.008313 21.016068 21.074586 21.108833 21.129228 21.163908 21.132672 21.106703 21.120742 21.154375 21.181838 21.218216 21.182633 21.212438 21.187396 21.195208 ]
}
CLUSTER-2 {size: 14
[ 103.168375 103.334213 102.537125 103.190088 103.247125 102.379625 103.004625 103.374500 104.678375 104.762550 105.617125 106.279625 106.967125 105.845875 105.682125 104.794625 105.460875 104.735875 105.115875 105.950875 105.885875 104.925875 105.588375 104.863375 104.561375 103.788375 104.499625 103.934313 104.710875 104.712125 103.933375 103.865875 104.990875 104.335875 105.241125 104.369875 103.864625 104.679625 103.594638 103.608375 104.370875 105.094625 104.403125 104.708625 105.531125 106.308625 106.381125 109.217375 109.942375 110.207375 109.234875 108.259875 108.212375 107.439875 106.676125 106.032375 105.549125 106.285125 105.606388 106.267375 106.279875 106.925625 107.291625 109.547125 109.258375 110.423375 109.604625 110.270875 110.173375 109.282125 109.394525 110.931125 110.162625 110.343875 111.554125 111.253875 110.510125 108.516375 108.110000 108.832487 109.042487 109.861113 109.973625 110.706125 111.573750 111.782500 110.682500 109.937500 109.906250 110.745000 111.501250 110.638762 111.346262 111.976262 114.873750 114.992500 115.783750 116.111250 117.891250 117.183750 116.251250 116.955000 117.036250 117.232500 117.397500 117.498750 116.968750 117.037500 116.720000 116.407500 116.682500 116.757500 116.882500 116.761250 116.556250 116.827500 116.858750 116.486250 116.165000 ]
}
CLUSTER-3 {size: 1
[ 465.460000 467.420000 467.160000 463.200000 461.680000 466.290000 471.000000 466.280000 465.530000 462.950000 464.870000 472.430000 465.120000 465.530000 465.530000 463.660000 464.570000 467.700000 460.940000 457.950000 458.600000 457.280000 452.330000 454.090000 459.890000 454.940000 458.570000 456.710000 452.970000 453.010000 453.810000 453.820000 454.890000 455.340000 455.520000 457.770000 458.730000 458.250000 461.670000 460.030000 461.090000 463.940000 465.420000 459.520000 462.030000 461.650000 458.200000 461.220000 457.650000 439.820000 434.230000 437.420000 436.710000 426.500000 419.210000 420.180000 424.970000 423.040000 423.730000 418.740000 418.790000 416.750000 422.110000 419.100000 419.280000 421.280000 419.980000 416.850000 416.640000 416.770000 419.500000 415.760000 415.440000 410.930000 416.070000 418.990000 419.980000 419.470000 421.800000 418.390000 419.870000 425.740000 428.120000 426.510000 426.580000 426.160000 424.890000 422.860000 424.740000 425.750000 428.930000 433.860000 430.010000 431.790000 432.300000 428.100000 430.040000 430.470000 432.200000 431.500000 429.550000 430.210000 430.570000 430.830000 431.670000 427.850000 429.370000 423.400000 407.810000 402.330000 399.450000 400.390000 405.850000 402.200000 396.900000 400.800000 400.770000 397.830000 393.750000 ]
}
clustering_time: 5.272038 seconds
Silhouette: [ s1 = 0.727836 ,s2 = 0.484230 ,s3 = 1.000000 ,stotal = 0.712222 ]

